source	source_number	source_name	target	target_number	target_name	distance	line_number
0	101	苹果园	1	102	古城	5	1
1	102	古城	2	103	八角游乐园	3	1
2	103	八角游乐园	3	104	八宝山	3	1
3	104	八宝山	4	105	玉泉路	3	1
4	105	玉泉路	5	106	五棵松	3	1
5	106	五棵松	6	107	万寿路	3	1
6	107	万寿路	7	108	公主坟	3	1
7	108	公主坟	8	109	军事博物馆	2	1
8	109	军事博物馆	9	110	木樨地	2	1
9	110	木樨地	10	111	南礼士路	3	1
10	111	南礼士路	11	112	复兴门	2	1
11	112	复兴门	12	113	西单	3	1
12	113	西单	13	114	天安门西	2	1
13	114	天安门西	14	115	天安门东	2	1
14	115	天安门东	15	116	王府井	2	1
15	116	王府井	16	117	东单	2	1
16	117	东单	17	118	建国门	4	1
17	118	建国门	18	119	永安里	2	1
18	119	永安里	19	120	国贸	2	1
19	120	国贸	20	121	大望路	3	1
20	121	大望路	21	122	四惠	3	1
21	122	四惠	22	123	四惠东	3	1
1	102	古城	0	101	苹果园	5	1
2	103	八角游乐园	1	102	古城	3	1
3	104	八宝山	2	103	八角游乐园	3	1
4	105	玉泉路	3	104	八宝山	3	1
5	106	五棵松	4	105	玉泉路	3	1
6	107	万寿路	5	106	五棵松	3	1
7	108	公主坟	6	107	万寿路	3	1
8	109	军事博物馆	7	108	公主坟	2	1
9	110	木樨地	8	109	军事博物馆	2	1
10	111	南礼士路	9	110	木樨地	3	1
11	112	复兴门	10	111	南礼士路	2	1
12	113	西单	11	112	复兴门	3	1
13	114	天安门西	12	113	西单	2	1
14	115	天安门东	13	114	天安门西	2	1
15	116	王府井	14	115	天安门东	2	1
16	117	东单	15	116	王府井	2	1
17	118	建国门	16	117	东单	4	1
18	119	永安里	17	118	建国门	2	1
19	120	国贸	18	119	永安里	2	1
20	121	大望路	19	120	国贸	3	1
21	122	四惠	20	121	大望路	3	1
22	123	四惠东	21	122	四惠	3	1
23	201	积水潭	24	202	鼓楼大街	3	2
24	202	鼓楼大街	25	203	安定门	2	2
25	203	安定门	26	204	雍和宫	2	2
26	204	雍和宫	27	205	东直门	4	2
27	205	东直门	28	206	东四十条	3	2
28	206	东四十条	29	207	朝阳门	2	2
29	207	朝阳门	30	208	建国门	3	2
30	208	建国门	31	209	北京站	3	2
31	209	北京站	32	210	崇文门	4	2
32	210	崇文门	33	211	前门	3	2
33	211	前门	34	212	和平门	2	2
34	212	和平门	35	213	宣武门	2	2
35	213	宣武门	36	214	长椿街	2	2
36	214	长椿街	37	215	复兴门	3	2
37	215	复兴门	38	216	阜成门	3	2
38	216	阜成门	39	217	车公庄	2	2
39	217	车公庄	40	218	西直门	2	2
40	218	西直门	23	201	积水潭	2	2
24	202	鼓楼大街	23	201	积水潭	3	2
25	203	安定门	24	202	鼓楼大街	2	2
26	204	雍和宫	25	203	安定门	2	2
27	205	东直门	26	204	雍和宫	4	2
28	206	东四十条	27	205	东直门	3	2
29	207	朝阳门	28	206	东四十条	2	2
30	208	建国门	29	207	朝阳门	3	2
31	209	北京站	30	208	建国门	3	2
32	210	崇文门	31	209	北京站	4	2
33	211	前门	32	210	崇文门	3	2
34	212	和平门	33	211	前门	2	2
35	213	宣武门	34	212	和平门	2	2
36	214	长椿街	35	213	宣武门	2	2
37	215	复兴门	36	214	长椿街	3	2
38	216	阜成门	37	215	复兴门	3	2
39	217	车公庄	38	216	阜成门	2	2
40	218	西直门	39	217	车公庄	2	2
23	201	积水潭	40	218	西直门	2	2
41	401	安河桥北	42	402	北宫门	1	4
42	402	北宫门	43	403	西苑	2	4
43	403	西苑	44	404	圆明园	3	4
44	404	圆明园	45	405	北京大学东门	2	4
45	405	北京大学东门	46	406	中关村	2	4
46	406	中关村	47	407	海淀黄庄	1	4
47	407	海淀黄庄	48	408	人民大学	3	4
48	408	人民大学	49	409	魏公村	2	4
49	409	魏公村	50	410	国家图书馆	3	4
50	410	国家图书馆	51	411	动物园	2	4
51	411	动物园	52	412	西直门	2	4
52	412	西直门	53	413	新街口	3	4
53	413	新街口	54	414	平安里	2	4
54	414	平安里	55	415	西四	2	4
55	415	西四	56	416	灵境胡同	2	4
56	416	灵境胡同	57	417	西单	1	4
57	417	西单	58	418	宣武门	2	4
58	418	宣武门	59	419	菜市口	3	4
59	419	菜市口	60	420	陶然亭	2	4
60	420	陶然亭	61	421	北京南站	3	4
61	421	北京南站	62	422	马家堡	2	4
62	422	马家堡	63	423	角门西	2	4
63	423	角门西	64	424	公益西桥	1	4
64	424	公益西桥	65	425	新宫	1	4
65	425	新宫	66	426	西红门	6	4
66	426	西红门	67	427	高米店北	3	4
67	427	高米店北	68	428	高米店南	2	4
68	428	高米店南	69	429	枣园	2	4
69	429	枣园	70	430	清源路	2	4
70	430	清源路	71	431	黄村西大街	2	4
71	431	黄村西大街	72	432	黄村火车站	2	4
72	432	黄村火车站	73	433	义和庄	3	4
73	433	义和庄	74	434	生物医药基地	3	4
74	434	生物医药基地	75	435	天宫院	2	4
42	402	北宫门	41	401	安河桥北	1	4
43	403	西苑	42	402	北宫门	2	4
44	404	圆明园	43	403	西苑	3	4
45	405	北京大学东门	44	404	圆明园	2	4
46	406	中关村	45	405	北京大学东门	2	4
47	407	海淀黄庄	46	406	中关村	1	4
48	408	人民大学	47	407	海淀黄庄	3	4
49	409	魏公村	48	408	人民大学	2	4
50	410	国家图书馆	49	409	魏公村	3	4
51	411	动物园	50	410	国家图书馆	2	4
52	412	西直门	51	411	动物园	2	4
53	413	新街口	52	412	西直门	3	4
54	414	平安里	53	413	新街口	2	4
55	415	西四	54	414	平安里	2	4
56	416	灵境胡同	55	415	西四	2	4
57	417	西单	56	416	灵境胡同	1	4
58	418	宣武门	57	417	西单	2	4
59	419	菜市口	58	418	宣武门	3	4
60	420	陶然亭	59	419	菜市口	2	4
61	421	北京南站	60	420	陶然亭	3	4
62	422	马家堡	61	421	北京南站	2	4
63	423	角门西	62	422	马家堡	2	4
64	424	公益西桥	63	423	角门西	1	4
65	425	新宫	64	424	公益西桥	1	4
66	426	西红门	65	425	新宫	6	4
67	427	高米店北	66	426	西红门	3	4
68	428	高米店南	67	427	高米店北	2	4
69	429	枣园	68	428	高米店南	2	4
70	430	清源路	69	429	枣园	2	4
71	431	黄村西大街	70	430	清源路	2	4
72	432	黄村火车站	71	431	黄村西大街	2	4
73	433	义和庄	72	432	黄村火车站	3	4
74	434	生物医药基地	73	433	义和庄	3	4
75	435	天宫院	74	434	生物医药基地	2	4
76	501	天通苑北	77	502	天通苑	2	5
77	502	天通苑	78	503	天通苑南	2	5
78	503	天通苑南	79	504	立水桥	2	5
79	504	立水桥	80	505	立水桥南	3	5
80	505	立水桥南	81	506	北苑路北	2	5
81	506	北苑路北	82	507	大屯路东	3	5
82	507	大屯路东	83	508	惠新西街北口	3	5
83	508	惠新西街北口	84	509	惠新西街南口	2	5
84	509	惠新西街南口	85	510	和平西桥	2	5
85	510	和平西桥	86	511	和平里北街	2	5
86	511	和平里北街	87	512	雍和宫	3	5
87	512	雍和宫	88	513	北新桥	2	5
88	513	北新桥	89	514	张自忠路	2	5
89	514	张自忠路	90	515	东四	2	5
90	515	东四	91	516	灯市口	2	5
91	516	灯市口	92	517	东单	2	5
92	517	东单	93	518	崇文门	2	5
93	518	崇文门	94	519	磁器口	2	5
94	519	磁器口	95	520	天坛东门	2	5
95	520	天坛东门	96	521	蒲黄榆	3	5
96	521	蒲黄榆	97	522	刘家窑	2	5
97	522	刘家窑	98	523	宋家庄	2	5
77	502	天通苑	76	501	天通苑北	2	5
78	503	天通苑南	77	502	天通苑	2	5
79	504	立水桥	78	503	天通苑南	2	5
80	505	立水桥南	79	504	立水桥	3	5
81	506	北苑路北	80	505	立水桥南	2	5
82	507	大屯路东	81	506	北苑路北	3	5
83	508	惠新西街北口	82	507	大屯路东	3	5
84	509	惠新西街南口	83	508	惠新西街北口	2	5
85	510	和平西桥	84	509	惠新西街南口	2	5
86	511	和平里北街	85	510	和平西桥	2	5
87	512	雍和宫	86	511	和平里北街	3	5
88	513	北新桥	87	512	雍和宫	2	5
89	514	张自忠路	88	513	北新桥	2	5
90	515	东四	89	514	张自忠路	2	5
91	516	灯市口	90	515	东四	2	5
92	517	东单	91	516	灯市口	2	5
93	518	崇文门	92	517	东单	2	5
94	519	磁器口	93	518	崇文门	2	5
95	520	天坛东门	94	519	磁器口	2	5
96	521	蒲黄榆	95	520	天坛东门	3	5
97	522	刘家窑	96	521	蒲黄榆	2	5
98	523	宋家庄	97	522	刘家窑	2	5
99	601	海淀五路居	100	602	慈寿寺	3	6
100	602	慈寿寺	101	603	花园桥	3	6
101	603	花园桥	102	604	白石桥南	2	6
102	604	白石桥南	103	605	车公庄西	3	6
103	605	车公庄西	104	606	车公庄	2	6
104	606	车公庄	105	607	平安里	3	6
105	607	平安里	106	608	北海北	3	6
106	608	北海北	107	609	南锣鼓巷	2	6
107	609	南锣鼓巷	108	610	东四	4	6
108	610	东四	109	611	朝阳门	3	6
109	611	朝阳门	110	612	东大桥	3	6
110	612	东大桥	111	613	呼家楼	2	6
111	613	呼家楼	112	614	金台路	3	6
112	614	金台路	113	615	十里堡	3	6
113	615	十里堡	114	616	青年路	2	6
114	616	青年路	115	617	褡裢坡	5	6
115	617	褡裢坡	116	618	黄渠	2	6
116	618	黄渠	117	619	常营	3	6
117	619	常营	118	620	草房	2	6
100	602	慈寿寺	99	601	海淀五路居	3	6
101	603	花园桥	100	602	慈寿寺	3	6
102	604	白石桥南	101	603	花园桥	2	6
103	605	车公庄西	102	604	白石桥南	3	6
104	606	车公庄	103	605	车公庄西	2	6
105	607	平安里	104	606	车公庄	3	6
106	608	北海北	105	607	平安里	3	6
107	609	南锣鼓巷	106	608	北海北	2	6
108	610	东四	107	609	南锣鼓巷	4	6
109	611	朝阳门	108	610	东四	3	6
110	612	东大桥	109	611	朝阳门	3	6
111	613	呼家楼	110	612	东大桥	2	6
112	614	金台路	111	613	呼家楼	3	6
113	615	十里堡	112	614	金台路	3	6
114	616	青年路	113	615	十里堡	2	6
115	617	褡裢坡	114	616	青年路	5	6
116	618	黄渠	115	617	褡裢坡	2	6
117	619	常营	116	618	黄渠	3	6
118	620	草房	117	619	常营	2	6
119	801	朱辛庄	120	802	育知路	4	8
120	802	育知路	121	803	平西府	2	8
121	803	平西府	122	804	回龙观东大街	2	8
122	804	回龙观东大街	123	805	霍营	2	8
123	805	霍营	124	806	余新	3	8
124	806	余新	125	807	西小口	3	8
125	807	西小口	126	808	永泰庄	2	8
126	808	永泰庄	127	809	林萃桥	4	8
127	809	林萃桥	128	810	森林公园南门	3	8
128	810	森林公园南门	129	811	奥林匹克公园	2	8
129	811	奥林匹克公园	130	812	奥体中心	3	8
130	812	奥体中心	131	813	北土城	3	8
131	813	北土城	132	814	安华桥	3	8
132	814	安华桥	133	815	鼓楼大街	2	8
133	815	鼓楼大街	134	816	什刹海	1	8
134	816	什刹海	135	817	南锣鼓巷	2	8
120	802	育知路	119	801	朱辛庄	4	8
121	803	平西府	120	802	育知路	2	8
122	804	回龙观东大街	121	803	平西府	2	8
123	805	霍营	122	804	回龙观东大街	2	8
124	806	余新	123	805	霍营	3	8
125	807	西小口	124	806	余新	3	8
126	808	永泰庄	125	807	西小口	2	8
127	809	林萃桥	126	808	永泰庄	4	8
128	810	森林公园南门	127	809	林萃桥	3	8
129	811	奥林匹克公园	128	810	森林公园南门	2	8
130	812	奥体中心	129	811	奥林匹克公园	3	8
131	813	北土城	130	812	奥体中心	3	8
132	814	安华桥	131	813	北土城	3	8
133	815	鼓楼大街	132	814	安华桥	2	8
134	816	什刹海	133	815	鼓楼大街	1	8
135	817	南锣鼓巷	134	816	什刹海	2	8
136	901	国家图书馆	137	902	白石桥南	2	9
137	902	白石桥南	138	903	白堆子	2	9
138	903	白堆子	139	904	军事博物馆	3	9
139	904	军事博物馆	140	905	北京西站	3	9
140	905	北京西站	141	906	六里桥东	2	9
141	906	六里桥东	142	907	六里桥	3	9
142	907	六里桥	143	908	七里庄	3	9
143	908	七里庄	144	909	丰台东大街	3	9
144	909	丰台东大街	145	910	丰台南路	2	9
145	910	丰台南路	146	911	科怡路	2	9
146	911	科怡路	147	912	丰台科技园	2	9
147	912	丰台科技园	148	913	郭公庄	2	9
137	902	白石桥南	136	901	国家图书馆	2	9
138	903	白堆子	137	902	白石桥南	2	9
139	904	军事博物馆	138	903	白堆子	3	9
140	905	北京西站	139	904	军事博物馆	3	9
141	906	六里桥东	140	905	北京西站	2	9
142	907	六里桥	141	906	六里桥东	3	9
143	908	七里庄	142	907	六里桥	3	9
144	909	丰台东大街	143	908	七里庄	3	9
145	910	丰台南路	144	909	丰台东大街	2	9
146	911	科怡路	145	910	丰台南路	2	9
147	912	丰台科技园	146	911	科怡路	2	9
148	913	郭公庄	147	912	丰台科技园	2	9
149	1001	巴沟	150	1002	苏州街	2	10
150	1002	苏州街	151	1003	海淀黄庄	2	10
151	1003	海淀黄庄	152	1004	知春里	2	10
152	1004	知春里	153	1005	知春路	2	10
153	1005	知春路	154	1006	西土城	2	10
154	1006	西土城	155	1007	牡丹园	2	10
155	1007	牡丹园	156	1008	健德门	2	10
156	1008	健德门	157	1009	北土城	2	10
157	1009	北土城	158	1010	安贞门	2	10
158	1010	安贞门	159	1011	惠新西街南口	3	10
159	1011	惠新西街南口	160	1012	芍药居	3	10
160	1012	芍药居	161	1013	太阳宫	2	10
161	1013	太阳宫	162	1014	三元桥	2	10
162	1014	三元桥	163	1015	亮马桥	3	10
163	1015	亮马桥	164	1016	农业展览馆	2	10
164	1016	农业展览馆	165	1017	团结湖	2	10
165	1017	团结湖	166	1018	呼家楼	2	10
166	1018	呼家楼	167	1019	金台夕照	2	10
167	1019	金台夕照	168	1020	国贸	2	10
168	1020	国贸	169	1021	双井	2	10
169	1021	双井	170	1022	劲松	2	10
170	1022	劲松	171	1023	潘家园	2	10
171	1023	潘家园	172	1024	十里河	2	10
172	1024	十里河	173	1025	分钟寺	3	10
173	1025	分钟寺	174	1026	成寿寺	2	10
174	1026	成寿寺	175	1027	宋家庄	3	10
175	1027	宋家庄	176	1028	石榴庄	2	10
176	1028	石榴庄	177	1029	大红门	3	10
177	1029	大红门	178	1030	角门东	1	10
178	1030	角门东	179	1031	角门西	3	10
179	1031	角门西	180	1032	草桥	3	10
180	1032	草桥	181	1033	纪家庙	2	10
181	1033	纪家庙	182	1034	首经贸	3	10
182	1034	首经贸	183	1035	丰台站	3	10
183	1035	丰台站	184	1036	泥洼	3	10
184	1036	泥洼	185	1037	西局	2	10
185	1037	西局	186	1038	六里桥	3	10
186	1038	六里桥	187	1039	莲花桥	3	10
187	1039	莲花桥	188	1040	公主坟	2	10
188	1040	公主坟	189	1041	西钓鱼台	3	10
189	1041	西钓鱼台	190	1042	慈寿寺	3	10
190	1042	慈寿寺	191	1043	车道沟	2	10
191	1043	车道沟	192	1044	长春桥	2	10
192	1044	长春桥	193	1045	火器营	2	10
193	1045	火器营	149	1001	巴沟	3	10
150	1002	苏州街	149	1001	巴沟	2	10
151	1003	海淀黄庄	150	1002	苏州街	2	10
152	1004	知春里	151	1003	海淀黄庄	2	10
153	1005	知春路	152	1004	知春里	2	10
154	1006	西土城	153	1005	知春路	2	10
155	1007	牡丹园	154	1006	西土城	2	10
156	1008	健德门	155	1007	牡丹园	2	10
157	1009	北土城	156	1008	健德门	2	10
158	1010	安贞门	157	1009	北土城	2	10
159	1011	惠新西街南口	158	1010	安贞门	3	10
160	1012	芍药居	159	1011	惠新西街南口	3	10
161	1013	太阳宫	160	1012	芍药居	2	10
162	1014	三元桥	161	1013	太阳宫	2	10
163	1015	亮马桥	162	1014	三元桥	3	10
164	1016	农业展览馆	163	1015	亮马桥	2	10
165	1017	团结湖	164	1016	农业展览馆	2	10
166	1018	呼家楼	165	1017	团结湖	2	10
167	1019	金台夕照	166	1018	呼家楼	2	10
168	1020	国贸	167	1019	金台夕照	2	10
169	1021	双井	168	1020	国贸	2	10
170	1022	劲松	169	1021	双井	2	10
171	1023	潘家园	170	1022	劲松	2	10
172	1024	十里河	171	1023	潘家园	2	10
173	1025	分钟寺	172	1024	十里河	3	10
174	1026	成寿寺	173	1025	分钟寺	2	10
175	1027	宋家庄	174	1026	成寿寺	3	10
176	1028	石榴庄	175	1027	宋家庄	2	10
177	1029	大红门	176	1028	石榴庄	3	10
178	1030	角门东	177	1029	大红门	1	10
179	1031	角门西	178	1030	角门东	3	10
180	1032	草桥	179	1031	角门西	3	10
181	1033	纪家庙	180	1032	草桥	2	10
182	1034	首经贸	181	1033	纪家庙	3	10
183	1035	丰台站	182	1034	首经贸	3	10
184	1036	泥洼	183	1035	丰台站	3	10
185	1037	西局	184	1036	泥洼	2	10
186	1038	六里桥	185	1037	西局	3	10
187	1039	莲花桥	186	1038	六里桥	3	10
188	1040	公主坟	187	1039	莲花桥	2	10
189	1041	西钓鱼台	188	1040	公主坟	3	10
190	1042	慈寿寺	189	1041	西钓鱼台	3	10
191	1043	车道沟	190	1042	慈寿寺	2	10
192	1044	长春桥	191	1043	车道沟	2	10
193	1045	火器营	192	1044	长春桥	2	10
149	1001	巴沟	193	1045	火器营	3	10
194	1301	西直门	195	1302	大钟寺	3	13
195	1302	大钟寺	196	1303	知春路	2	13
196	1303	知春路	197	1304	五道口	3	13
197	1304	五道口	198	1305	上地	6	13
198	1305	上地	199	1306	西二旗	3	13
199	1306	西二旗	200	1307	龙泽	5	13
200	1307	龙泽	201	1308	回龙观	2	13
201	1308	回龙观	202	1309	霍营	3	13
202	1309	霍营	203	1310	立水桥	4	13
203	1310	立水桥	204	1311	北苑	4	13
204	1311	北苑	205	1312	望京西	7	13
205	1312	望京西	206	1313	芍药居	3	13
206	1313	芍药居	207	1314	光熙门	2	13
207	1314	光熙门	208	1315	柳芳	2	13
208	1315	柳芳	209	1316	东直门	2	13
195	1302	大钟寺	194	1301	西直门	3	13
196	1303	知春路	195	1302	大钟寺	2	13
197	1304	五道口	196	1303	知春路	3	13
198	1305	上地	197	1304	五道口	6	13
199	1306	西二旗	198	1305	上地	3	13
200	1307	龙泽	199	1306	西二旗	5	13
201	1308	回龙观	200	1307	龙泽	2	13
202	1309	霍营	201	1308	回龙观	3	13
203	1310	立水桥	202	1309	霍营	4	13
204	1311	北苑	203	1310	立水桥	4	13
205	1312	望京西	204	1311	北苑	7	13
206	1313	芍药居	205	1312	望京西	3	13
207	1314	光熙门	206	1313	芍药居	2	13
208	1315	柳芳	207	1314	光熙门	2	13
209	1316	东直门	208	1315	柳芳	2	13	14
210	1401	张郭庄	211	1402	园博园	2	14
211	1402	园博园	212	1403	大瓦窑	9	14
212	1403	大瓦窑	213	1404	郭庄子	3	14
213	1404	郭庄子	214	1405	大井	3	14
214	1405	大井	215	1406	七里庄	3	14
215	1406	七里庄	216	1407	西局	1	14
211	1402	园博园	210	1401	张郭庄	2	14
212	1403	大瓦窑	211	1402	园博园	9	14
213	1404	郭庄子	212	1403	大瓦窑	3	14
214	1405	大井	213	1404	郭庄子	3	14
215	1406	七里庄	214	1405	大井	3	14
216	1407	西局	215	1406	七里庄	1	14
217	1501	俸伯	218	1502	顺义	2	15
218	1502	顺义	219	1503	石门	3	15
219	1503	石门	220	1504	南法信	3	15
220	1504	南法信	221	1505	后沙峪	5	15
221	1505	后沙峪	222	1506	花梨坎	4	15
222	1506	花梨坎	223	1507	国展	3	15
223	1507	国展	224	1508	孙河	4	15
224	1508	孙河	225	1509	马泉营	4	15
225	1509	马泉营	226	1510	崔各庄	3	15
226	1510	崔各庄	227	1511	望京	5	15
227	1511	望京	228	1512	望京西	2	15
218	1502	顺义	217	1501	俸伯	2	15
219	1503	石门	218	1502	顺义	3	15
220	1504	南法信	219	1503	石门	3	15
221	1505	后沙峪	220	1504	南法信	5	15
222	1506	花梨坎	221	1505	后沙峪	4	15
223	1507	国展	222	1506	花梨坎	3	15
224	1508	孙河	223	1507	国展	4	15
225	1509	马泉营	224	1508	孙河	4	15
226	1510	崔各庄	225	1509	马泉营	3	15
227	1511	望京	226	1510	崔各庄	5	15
228	1512	望京西	227	1511	望京	2	15
229	2101	四惠	230	2102	四惠东	3	BT
230	2102	四惠东	231	2103	高碑店	2	BT
231	2103	高碑店	232	2104	传媒大学	3	BT
232	2104	传媒大学	233	2105	双桥	3	BT
233	2105	双桥	234	2106	管庄	3	BT
234	2106	管庄	235	2107	八里桥	3	BT
235	2107	八里桥	236	2108	北苑	3	BT
236	2108	北苑	237	2109	果园	3	BT
237	2109	果园	238	2110	九棵树	2	BT
238	2110	九棵树	239	2111	梨园	3	BT
239	2111	梨园	240	2112	临河里	2	BT
240	2112	临河里	241	2113	土桥	2	BT
230	2102	四惠东	229	2101	四惠	3	BT
231	2103	高碑店	230	2102	四惠东	2	BT
232	2104	传媒大学	231	2103	高碑店	3	BT
233	2105	双桥	232	2104	传媒大学	3	BT
234	2106	管庄	233	2105	双桥	3	BT
235	2107	八里桥	234	2106	管庄	3	BT
236	2108	北苑	235	2107	八里桥	3	BT
237	2109	果园	236	2108	北苑	3	BT
238	2110	九棵树	237	2109	果园	2	BT
239	2111	梨园	238	2110	九棵树	3	BT
240	2112	临河里	239	2111	梨园	2	BT
241	2113	土桥	240	2112	临河里	2	BT
242	2201	西二旗	243	2202	生命科学园	5	CP
243	2202	生命科学园	244	2203	朱辛庄	3	CP
244	2203	朱辛庄	245	2204	巩华城	5	CP
245	2204	巩华城	246	2205	沙河	3	CP
246	2205	沙河	247	2206	沙河高教园	3	CP
247	2206	沙河高教园	248	2207	南邵	5	CP
243	2202	生命科学园	242	2201	西二旗	5	CP
244	2203	朱辛庄	243	2202	生命科学园	3	CP
245	2204	巩华城	244	2203	朱辛庄	5	CP
246	2205	沙河	245	2204	巩华城	3	CP
247	2206	沙河高教园	246	2205	沙河	3	CP
248	2207	南邵	247	2206	沙河高教园	5	CP
249	2301	宋家庄	250	2302	肖村	3	YZ
250	2302	肖村	251	2303	小红门	2	YZ
251	2303	小红门	252	2304	旧宫	4	YZ
252	2304	旧宫	253	2305	亦庄桥	2	YZ
253	2305	亦庄桥	254	2306	亦庄文化园	2	YZ
254	2306	亦庄文化园	255	2307	万源街	3	YZ
255	2307	万源街	256	2308	荣京东街	2	YZ
256	2308	荣京东街	257	2309	荣昌东街	2	YZ
257	2309	荣昌东街	258	2310	同济南路	4	YZ
258	2310	同济南路	259	2311	经海路	3	YZ
259	2311	经海路	260	2312	次渠南	2	YZ
260	2312	次渠南	261	2313	次渠	2	YZ
250	2302	肖村	249	2301	宋家庄	3	YZ
251	2303	小红门	250	2302	肖村	2	YZ
252	2304	旧宫	251	2303	小红门	4	YZ
253	2305	亦庄桥	252	2304	旧宫	2	YZ
254	2306	亦庄文化园	253	2305	亦庄桥	2	YZ
255	2307	万源街	254	2306	亦庄文化园	3	YZ
256	2308	荣京东街	255	2307	万源街	2	YZ
257	2309	荣昌东街	256	2308	荣京东街	2	YZ
258	2310	同济南路	257	2309	荣昌东街	4	YZ
259	2311	经海路	258	2310	同济南路	3	YZ
260	2312	次渠南	259	2311	经海路	2	YZ
261	2313	次渠	260	2312	次渠南	2	YZ
262	2401	郭公庄	263	2402	大葆台	2	FS
263	2402	大葆台	264	2403	稻田	6	FS
264	2403	稻田	265	2404	长阳	5	FS
265	2404	长阳	266	2405	篱笆房	3	FS
266	2405	篱笆房	267	2406	广阳城	3	FS
267	2406	广阳城	268	2407	良乡大学城北	3	FS
268	2407	良乡大学城北	269	2408	良乡大学城	2	FS
269	2408	良乡大学城	270	2409	良乡大学城西	3	FS
270	2409	良乡大学城西	271	2410	良乡南关	2	FS
271	2410	良乡南关	272	2411	苏庄	2	FS
263	2402	大葆台	262	2401	郭公庄	2	FS
264	2403	稻田	263	2402	大葆台	6	FS
265	2404	长阳	264	2403	稻田	5	FS
266	2405	篱笆房	265	2404	长阳	3	FS
267	2406	广阳城	266	2405	篱笆房	3	FS
268	2407	良乡大学城北	267	2406	广阳城	3	FS
269	2408	良乡大学城	268	2407	良乡大学城北	2	FS
270	2409	良乡大学城西	269	2408	良乡大学城	3	FS
271	2410	良乡南关	270	2409	良乡大学城西	2	FS
272	2411	苏庄	271	2410	良乡南关	2	FS
273	2501	东直门	275	2503	T3航站楼	25	JC
275	2503	T3航站楼	273	2501	东直门	29	JC
273	2501	东直门	276	2504	T2航站楼	29	JC
276	2504	T2航站楼	273	2501	东直门	25	JC
274	2502	三元桥	275	2503	T3航站楼	15	JC
275	2503	T3航站楼	274	2502	三元桥	19	JC
274	2502	三元桥	276	2504	T2航站楼	19	JC
276	2504	T2航站楼	274	2502	三元桥	15	JC
273	2501	东直门	27	205	东直门	5
273	2501	东直门	209	1316	东直门	3
27	205	东直门	273	2501	东直门	5
209	1316	东直门	273	2501	东直门	3
274	2502	三元桥	162	1014	三元桥	3
162	1014	三元桥	274	2502	三元桥	3
11	112	复兴门	37	215	复兴门	3	0
37	215	复兴门	11	112	复兴门	3	0
17	118	建国门	30	208	建国门	2	0
30	208	建国门	17	118	建国门	2	0
40	218	西直门	52	412	西直门	2	0
52	412	西直门	40	218	西直门	2	0
57	417	西单	12	113	西单	7	0
12	113	西单	57	417	西单	7	0
58	418	宣武门	35	213	宣武门	2	0
35	213	宣武门	58	418	宣武门	2	0
87	512	雍和宫	26	204	雍和宫	3	0
26	204	雍和宫	87	512	雍和宫	3	0
16	117	东单	92	517	东单	4	0
92	517	东单	16	117	东单	4	0
93	518	崇文门	32	210	崇文门	4	0
32	210	崇文门	93	518	崇文门	4	0
104	606	车公庄	39	217	车公庄	3	0
39	217	车公庄	104	606	车公庄	3	0
105	607	平安里	54	414	平安里	5	0
54	414	平安里	105	607	平安里	5	0
108	610	东四	90	515	东四	3	0
90	515	东四	108	610	东四	3	0
109	611	朝阳门	29	207	朝阳门	2	0
29	207	朝阳门	109	611	朝阳门	2	0
133	815	鼓楼大街	24	202	鼓楼大街	4	0
24	202	鼓楼大街	133	815	鼓楼大街	4	0
135	817	南锣鼓巷	107	609	南锣鼓巷	2	0
107	609	南锣鼓巷	135	817	南锣鼓巷	2	0
136	901	国家图书馆	50	410	国家图书馆	2	0
50	410	国家图书馆	136	901	国家图书馆	2	0
137	902	白石桥南	102	604	白石桥南	2	0
102	604	白石桥南	137	902	白石桥南	2	0
139	904	军事博物馆	8	109	军事博物馆	5	0
8	109	军事博物馆	139	904	军事博物馆	5	0
47	407	海淀黄庄	151	1003	海淀黄庄	2	0
151	1003	海淀黄庄	47	407	海淀黄庄	2	0
157	1009	北土城	131	813	北土城	2	0
131	813	北土城	157	1009	北土城	2	0
159	1011	惠新西街南口	84	509	惠新西街南口	2	0
84	509	惠新西街南口	159	1011	惠新西街南口	2	0
166	1018	呼家楼	111	613	呼家楼	2	0
111	613	呼家楼	166	1018	呼家楼	2	0
19	120	国贸	168	1020	国贸	4	0
168	1020	国贸	19	120	国贸	4	0
175	1027	宋家庄	98	523	宋家庄	2	0
98	523	宋家庄	175	1027	宋家庄	2	0
63	423	角门西	179	1031	角门西	2	0
179	1031	角门西	63	423	角门西	2	0
186	1038	六里桥	142	907	六里桥	2	0
142	907	六里桥	186	1038	六里桥	2	0
7	108	公主坟	188	1040	公主坟	2	0
188	1040	公主坟	7	108	公主坟	2	0
100	602	慈寿寺	190	1042	慈寿寺	3	0
190	1042	慈寿寺	100	602	慈寿寺	3	0
194	1301	西直门	40	218	西直门	8	0
194	1301	西直门	52	412	西直门	8	0
202	1309	霍营	123	805	霍营	5	0
203	1310	立水桥	79	504	立水桥	2	0
209	1316	东直门	27	205	东直门	6	0
40	218	西直门	194	1301	西直门	8	0
52	412	西直门	194	1301	西直门	8	0
123	805	霍营	202	1309	霍营	5	0
79	504	立水桥	203	1310	立水桥	2	0
27	205	东直门	209	1316	东直门	6	0
153	1005	知春路	196	1303	知春路	5	0
196	1303	知春路	153	1005	知春路	5	0
206	1313	芍药居	160	1012	芍药居	5	0
160	1012	芍药居	206	1313	芍药居	5	0
143	908	七里庄	215	1406	七里庄	3	0
215	1406	七里庄	143	908	七里庄	3	0
216	1407	西局	185	1037	西局	2	0
185	1037	西局	216	1407	西局	2	0
205	1312	望京西	228	1512	望京西	11	0
228	1512	望京西	205	1312	望京西	11	0
229	2101	四惠	21	122	四惠	2	0
230	2102	四惠东	22	123	四惠东	2	0
21	122	四惠	229	2101	四惠	2	0
22	123	四惠东	230	2102	四惠东	2	0
199	1306	西二旗	242	2201	西二旗	2	0
242	2201	西二旗	199	1306	西二旗	2	0
244	2203	朱辛庄	119	801	朱辛庄	2	0
119	801	朱辛庄	244	2203	朱辛庄	2	0
98	523	宋家庄	249	2301	宋家庄	2	0
175	1027	宋家庄	249	2301	宋家庄	2	0
249	2301	宋家庄	98	523	宋家庄	2	0
249	2301	宋家庄	175	1027	宋家庄	2	0
148	913	郭公庄	262	2401	郭公庄	2	0
262	2401	郭公庄	148	913	郭公庄	2	0