index	number	name	value
0	101	苹果园	0
1	102	古城	0
2	103	八角游乐园	0
3	104	八宝山	0
4	105	玉泉路	0
5	106	五棵松	0
6	107	万寿路	0
7	108	公主坟	0
8	109	军事博物馆	0
9	110	木樨地	0
10	111	南礼士路	0
11	112	复兴门	0
12	113	西单	0
13	114	天安门西	0
14	115	天安门东	0
15	116	王府井	0
16	117	东单	0
17	118	建国门	0
18	119	永安里	0
19	120	国贸	0
20	121	大望路	0
21	122	四惠	0
22	123	四惠东	0
23	201	积水潭	0
24	202	鼓楼大街	0
25	203	安定门	0
26	204	雍和宫	0
27	205	东直门	0
28	206	东四十条	0
29	207	朝阳门	0
30	208	建国门	0
31	209	北京站	0
32	210	崇文门	0
33	211	前门	0
34	212	和平门	0
35	213	宣武门	0
36	214	长椿街	0
37	215	复兴门	0
38	216	阜成门	0
39	217	车公庄	0
40	218	西直门	0
41	401	安河桥北	0
42	402	北宫门	0
43	403	西苑	0
44	404	圆明园	0
45	405	北京大学东门	0
46	406	中关村	0
47	407	海淀黄庄	0
48	408	人民大学	0
49	409	魏公村	0
50	410	国家图书馆	0
51	411	动物园	0
52	412	西直门	0
53	413	新街口	0
54	414	平安里	0
55	415	西四	0
56	416	灵境胡同	0
57	417	西单	0
58	418	宣武门	0
59	419	菜市口	0
60	420	陶然亭	0
61	421	北京南站	0
62	422	马家堡	0
63	423	角门西	0
64	424	公益西桥	0
65	425	新宫	0
66	426	西红门	0
67	427	高米店北	0
68	428	高米店南	0
69	429	枣园	0
70	430	清源路	0
71	431	黄村西大街	0
72	432	黄村火车站	0
73	433	义和庄	0
74	434	生物医药基地	0
75	435	天宫院	0
76	501	天通苑北	0
77	502	天通苑	0
78	503	天通苑南	0
79	504	立水桥	0
80	505	立水桥南	0
81	506	北苑路北	0
82	507	大屯路东	0
83	508	惠新西街北口	0
84	509	惠新西街南口	0
85	510	和平西桥	0
86	511	和平里北街	0
87	512	雍和宫	0
88	513	北新桥	0
89	514	张自忠路	0
90	515	东四	0
91	516	灯市口	0
92	517	东单	0
93	518	崇文门	0
94	519	磁器口	0
95	520	天坛东门	0
96	521	蒲黄榆	0
97	522	刘家窑	0
98	523	宋家庄	0
99	601	海淀五路居	0
100	602	慈寿寺	0
101	603	花园桥	0
102	604	白石桥南	0
103	605	车公庄西	0
104	606	车公庄	0
105	607	平安里	0
106	608	北海北	0
107	609	南锣鼓巷	0
108	610	东四	0
109	611	朝阳门	0
110	612	东大桥	0
111	613	呼家楼	0
112	614	金台路	0
113	615	十里堡	0
114	616	青年路	0
115	617	褡裢坡	0
116	618	黄渠	0
117	619	常营	0
118	620	草房	0
119	801	朱辛庄	0
120	802	育知路	0
121	803	平西府	0
122	804	回龙观东大街	0
123	805	霍营	0
124	806	余新	0
125	807	西小口	0
126	808	永泰庄	0
127	809	林萃桥	0
128	810	森林公园南门	0
129	811	奥林匹克公园	0
130	812	奥体中心	0
131	813	北土城	0
132	814	安华桥	0
133	815	鼓楼大街	0
134	816	什刹海	0
135	817	南锣鼓巷	0
136	901	国家图书馆	0
137	902	白石桥南	0
138	903	白堆子	0
139	904	军事博物馆	0
140	905	北京西站	0
141	906	六里桥东	0
142	907	六里桥	0
143	908	七里庄	0
144	909	丰台东大街	0
145	910	丰台南路	0
146	911	科怡路	0
147	912	丰台科技园	0
148	913	郭公庄	0
149	1001	巴沟	0
150	1002	苏州街	0
151	1003	海淀黄庄	0
152	1004	知春里	0
153	1005	知春路	0
154	1006	西土城	0
155	1007	牡丹园	0
156	1008	健德门	0
157	1009	北土城	0
158	1010	安贞门	0
159	1011	惠新西街南口	0
160	1012	芍药居	0
161	1013	太阳宫	0
162	1014	三元桥	0
163	1015	亮马桥	0
164	1016	农业展览馆	0
165	1017	团结湖	0
166	1018	呼家楼	0
167	1019	金台夕照	0
168	1020	国贸	0
169	1021	双井	0
170	1022	劲松	0
171	1023	潘家园	0
172	1024	十里河	0
173	1025	分钟寺	0
174	1026	成寿寺	0
175	1027	宋家庄	0
176	1028	石榴庄	0
177	1029	大红门	0
178	1030	角门东	0
179	1031	角门西	0
180	1032	草桥	0
181	1033	纪家庙	0
182	1034	首经贸	0
183	1035	丰台站	0
184	1036	泥洼	0
185	1037	西局	0
186	1038	六里桥	0
187	1039	莲花桥	0
188	1040	公主坟	0
189	1041	西钓鱼台	0
190	1042	慈寿寺	0
191	1043	车道沟	0
192	1044	长春桥	0
193	1045	火器营	0
194	1301	西直门	0
195	1302	大钟寺	0
196	1303	知春路	0
197	1304	五道口	0
198	1305	上地	0
199	1306	西二旗	0
200	1307	龙泽	0
201	1308	回龙观	0
202	1309	霍营	0
203	1310	立水桥	0
204	1311	北苑	0
205	1312	望京西	0
206	1313	芍药居	0
207	1314	光熙门	0
208	1315	柳芳	0
209	1316	东直门	0
210	1401	张郭庄	0
211	1402	园博园	0
212	1403	大瓦窑	0
213	1404	郭庄子	0
214	1405	大井	0
215	1406	七里庄	0
216	1407	西局	0
217	1501	俸伯	0
218	1502	顺义	0
219	1503	石门	0
220	1504	南法信	0
221	1505	后沙峪	0
222	1506	花梨坎	0
223	1507	国展	0
224	1508	孙河	0
225	1509	马泉营	0
226	1510	崔各庄	0
227	1511	望京	0
228	1512	望京西	0
229	2101	四惠	0
230	2102	四惠东	0
231	2103	高碑店	0
232	2104	传媒大学	0
233	2105	双桥	0
234	2106	管庄	0
235	2107	八里桥	0
236	2108	通州北苑	0
237	2109	果园	0
238	2110	九棵树	0
239	2111	梨园	0
240	2112	临河里	0
241	2113	土桥	0
242	2201	西二旗	0
243	2202	生命科学园	0
244	2203	朱辛庄	0
245	2204	巩华城	0
246	2205	沙河	0
247	2206	沙河高教园	0
248	2207	南邵	0
249	2301	宋家庄	0
250	2302	肖村	0
251	2303	小红门	0
252	2304	旧宫	0
253	2305	亦庄桥	0
254	2306	亦庄文化园	0
255	2307	万源街	0
256	2308	荣京东街	0
257	2309	荣昌东街	0
258	2310	同济南路	0
259	2311	经海路	0
260	2312	次渠南	0
261	2313	次渠	0
262	2401	郭公庄	0
263	2402	大葆台	0
264	2403	稻田	0
265	2404	长阳	0
266	2405	篱笆房	0
267	2406	广阳城	0
268	2407	良乡大学城北	0
269	2408	良乡大学城	0
270	2409	良乡大学城西	0
271	2410	良乡南关	0
272	2411	苏庄	0
273	2501	东直门	0
274	2502	三元桥	0
275	2503	T3航站楼	0
276	2504	T2航站楼	0